1541
1546
1654
1960
2131
2166
2257
2289
2412
2664
2855
3111
3338
3581
3582
3588
3763
4035
4184
4200
4275
4323
4429
4438
4511
4563
4622
4623
4905
4913
5000
5155
5157
5325
5562
5620
5661
5708
5823
5884
5916
5966
5975
6025
6062
6135
6180
6236
6240
6287
6303
6344
6350
6392
6404
6480
6498
6611
6627
6656
6723
6734
6868
6890
6912
6939
6963
6973
7093
7182
7239
7296
7322
7434
7536
7549
7598
7626
7627
7758
7781
7824
7945
8034
8053
8082
8090
8216
8225
8238
8244
8350
8377
8395
8623
8624
8661
8698
8713
8748
8802
8816
8833
8861
8870
8945
8949
8990
9042
9147
9175
9249
9254
9319
9455
9463
9487
9497
9572
9574
9575
9581
9678
9709
9722
9724
9990
10062
10108
10123
10187
10213
10251
10376
10439
10440
10470
10570
10595
10642
10907
10928
10930
10960
11003
11016
11066
11070
11100
11103
11148
11160
11189
11217
11238
11274
11279
11284
11319
11336
11340
11361
11386
11389
11471
11600
11614
11706
11906
11914
11932
11947
11962
12009
12022
12074
12088
12107
12202
12444
12467
12560
12565
12572
12579
12621
12624
12648
12744
12760
12949
12979
13009
13089
13118
13119
13127
13133
13470
13486
13545
13547
13557
13558
13594
13620
13824
13876
13992
14003
14010
14028
14078
14099
14128
14139
14200
14245
14392
14420
14468
14475
14496
14637
14659
14694
14765
14769
14812
14852
14899
14901
15003
15106
15145
15157
15248
15282
15348
15353
15368
15408
15433
15476
15555
15569
15590
15686
15701
15729
15759
15769
15779
15789
15914
15940
15964
16017
16075
16086
16113
16158
16186
16206
16220
16233
16276
16302
16313
16516
16529
16600
16657
16668
16697
16714
16716
16786
16820
16846
16866
16940
16958
16976
16989
17015
17028
17047
17144
17174
17197
17200
17268
17278
17463
17484
17516
17543
17556
17571
17572
17645
17665
17673
17682
17689
17694
17699
17797
17798
17803
17813
17944
17947
18032
18034
18049
18102
18144
18153
18214
18387
18390
18413
18453
18523
18616
18625
18681
18771
18888
18889
18937
18961
18987
19002
19021
19105
19117
19202
19310
19382
19425
19471
19488
19497
19550
19598
19630
19683
19693
19780
19828
19847
19855
19869
19879
19891
19912
19921
19940
20078
20083
20127
20145
20182
20204
20334
20363
20372
20432
20481
20485
20486
20504
20545
20578
20643
20644
20645
20682
20690
20692
20708
20715
20722
20754
20757
20778
20787
20788
20844
20854
20939
20949
20956
20992
21001
21017
21068
21121
21164
21176
21185
21192
21195
21206
21209
21228
21269
21315
21358
21372
21381
21385
21446
21461
21524
21596
21625
21632
21670
21679
21686
21707
21784
21854
21936
21975
22020
22021
22033
22041
22060
22064
22073
22099
22138
22143
22307
22372
22381
22469
22550
22694
22708
22713
22752
22762
22796
22816
22821
22884
22933
22942
22977
22982
22991
23034
23131
23151
23197
23209
23238
23305
23322
23323
23359
23414
23514
23516
23570
23575
23626
23632
23664
23700
23756
23786
23800
23801
23813
23855
23907
23915
23965
23987
24043
24090
24113
24131
24151
24168
24227
24272
24282
24293
24302
24351
24384
24400
24409
24447
24456
24486
24554
24620
24658
24675
24686
24726
24727
24812
24842
24881
24928
24982
25040
25085
25093
25155
25157
25174
25179
25236
25243
25246
25281
25320
25338
25359
25364
25368
25373
25395
25444
25459
25468
25491
25583
25647
25696
25703
25750
25761
25802
25870
25874
25922
25941
25956
26008
26020
26029
26079
26087
26111
26171
26174
26181
26202
26222
26254
26256
26259
26268
26325
26327
26352
26362
26364
26410
26432
26443
26451
26460
26496
26504
26575
26612
26613
26636
26668
26677
26748
26755
26784
26798
26907
26923
26978
26987
27080
27119
27126
27141
27261
27311
27324
27333
27338
27364
27408
27455
27505
27584
27654
27658
27662
27694
27742
27761
27769
27854
27869
27905
27908
27949
28014
28053
28074
28193
28220
28223
28320
28324
28350
28427
28430
28455
28472
28531
28533
28546
28564
28566
28589
28590
28727
28737
28837
28899
28926
28945
28953
29019
29098
29111
29152
29186
29309
29327
29336
29340
29366
29371
29389
29436
29454
29457
29483
29485
29497
29510
29567
29582
29583
29595
29602
29618
29624
29649
29707
29717
29741
29801
29806
29869
29900
29920
29932
29940
29954
29955
29979
29992
29993
30018
30052
30114
30118
30124
30130
30146
30156
30164
30172
30177
30215
30246
30275
30276
30300
30312
30337
30438
30470
30551
30566
30622
30716
30753
30758
30772
30806
30848
30855
30872
30878
30889
30900
30921
30927
30967
30986
30999
31001
31006
31021
31022
31080
31106
31113
31123
31148
31206
31217
31309
31337
31348
31364
31375
31382
31429
31526
31592
31649
31670
31685
31699
31706
31742
31846
31878
31889
31906
31929
31962
31980
31989
31995
31999
32044
32045
32056
32063
32085
32141
32150
32174
32186
32187
32197
32241
32260
32271
32311
32316
32351
32379
32399
32420
32442
32462
32499
32502
32526
32535
32585
32609
32611
32662
32681
32718
32721
32739
32745
32772
32790
32795
32880
32943
32981
32993
32999
33005
33025
33036
33083
33086
33118
33175
33188
33197
33242
33299
33363
33364
33393
33404
33440
33453
33487
33540
33556
33597
33641
33650
33679
33725
33742
33838
33883
33929
33950
33952
34012
34021
34025
34043
34069
34127
34128
34131
34155
34157
34168
34193
34206
34253
34291
34333
34386
34448
34473
34489
34490
34582
34592
34623
34625
34627
34629
34669
34688
34703
34719
34742
34756
34801
34837
34910
34912
34947
34961
35081
35091
35102
35105
35125
35142
35164
35165
35181
35197
35244
35252
35267
35315
35339
35380
35414
35428
35431
35477
35479
35488
35630
35693
35728
35744
35748
35825
35829
35851
35863
35878
35898
35934
35961
36000
36004
36135
36235
36241
36252
36257
36266
36269
36338
36379
36432
36473
36482
36490
36516
36666
36700
36727
36757
36781
36783
36835
36841
36859
36888
36897
36910
36979
37002
37054
37091
37094
37100
37178
37204
37232
37236
37286
37334
37344
37390
37430
37462
37486
37505
37562
37569
37583
37618
37732
37743
37766
37809
37813
37816
37876
37911
37946
37960
37963
38003
38165
38193
38194
38242
38255
38292
38313
38317
38325
38358
38382
38386
38409
38418
38433
38446
38459
38515
38714
38718
38760
38812
38846
38927
38937
38954
38999
39004
39035
39057
39098
39115
39127
39152
39156
39194
39214
39255
39282
39289
39300
39368
39391
39425
39433
39437
39450
39453
39473
39485
39499
39517
39553
39560
39604
39619
39623
39642
39647
39698
39716
39732
39752
39781
39806
39810
39823
39835
39861
39862
39936
39947
40003
40012
40042
40053
40072
40092
40096
40104
40143
40183
40190
40205
40211
40212
40221
40242
40282
40322
40486
40490
40503
40528
40536
40656
40685
40760
40794
40796
40852
40859
40914
40931
41002
41045
41046
41116
41301
41315
41323
41377
41393
41410
41427
41437
41439
41469
41492
41509
41530
41574
41588
41606
41639
41646
41665
41670
41796
41816
41828
41908
41925
41997
42061
42091
42096
42117
42144
42179
42182
42184
42204
42350
42405
42440
42503
42511
42525
42529
42552
42567
42577
42598
42614
42623
42708
42716
42766
42828
42836
42866
42920
43045
43046
43069
43076
43083
43143
43145
43252
43269
43297
43320
43338
43362
43434
43446
43450
43454
43491
43499
43526
43570
43605
43656
43664
43681
43725
43777
43791
43801
43822
43861
43878
43906
43942
43943
43954
44059
44082
44089
44093
44110
44176
44201
44230
44237
44268
44297
44320
44321
44365
44453
44526
44537
44561
44575
44646
44647
44695
44700
44704
44756
44816
44848
44854
44866
44894
44985
44996
45007
45114
45161
45168
45169
45190
45213
45224
45229
45233
45248
45271
45277
45286
45334
45376
45399
45441
45456
45458
45466
45500
45506
45511
45528
45581
45641
45668
45669
45681
45698
45726
45769
45808
45809
45820
45827
45839
45903
45918
45964
46022
46072
46139
46204
46225
46246
46257
46274
46290
46299
46329
46335
46361
46431
46472
46495
46514
46520
46525
46531
46556
46562
46563
46568
46605
46606
46610
46629
46714
46762
46777
46806
46887
46953
46974
46997
47027
47046
47123
47150
47169
47209
47225
47349
47375
47402
47404
47421
47446
47456
47472
47550
47564
47638
47734
47778
47826
47838
47848
47857
47885
47905
47911
47928
47935
47939
47968
48022
48121
48141
48161
48166
48199
48200
48217
48263
48289
48351
48361
48420
48480
48487
48572
48640
48706
48707
48798
48837
48838
48839
48890
48973
48989
49042
49061
49067
49076
49078
49085
49105
49106
49155
49160
49161
49212
49261
49295
49296
49385
49459
49595
49603
49606
49640
49684
49750
49753
49806
49817
49873
49899
49925
49947
49950
49958
49970
49993
50064
50067
50071
50157
50181
50218
50255