339
347
364
367
369
378
388
396
397
403
413
417
419
422
431
448
449
452
456
457
459
466
481
484
491
516
517
526
535
536
543
550
551
552
566
568
569
570
575
580
586
591
605
606
609
611
615
616
627
631
633
634
635
643
646
647
651
654
667
677
678
679
688
690
691
693
696
701
702
706
707
719
722
723
725
726
730
735
737
739
740
741
742
746
747
752
756
759
762
765
772
774
775
777
782
786
787
790
791
801
804
811
812
813
814
818
819
824
825
833
834
835
837
844
848
849
851
852
853
858
859
865
867
868
877
879
881
882
884
885
888
898
899
900
901
905
909
910
920
921
924
927
934
935
938
940
941
942
944
945
950
951
956
957
962
963
964
965
970
971
973
979
983
984
989
994
995
996
997
998
1000
1003
1006
1009
1010
1016
1017
1024
1031
1033
1034
1040
1041
1042
1043
1046
1048
1052
1054
1056
1064
1066
1067
1070
1071
1072
1073
1075
1076
1077
1081
1083
1084
1085
1086
1088
1090
1091
1093
1100
1105
1106
1109
1111
1112
1113
1114
1116
1117
1119
1120
1128
1129
1130
1134
1136
1137
1138
1139
1145
1146
1147
1150
1153
1154
1155
1158
1160
1162
1165
1170
1172
1173
1174
1175
1178
1179
1181
1183
1187
1188
1190
1194
1195
1196
1197
1198
1200
1202
1203
1204
1205
1206
1208
1210
1214
1217
1219
1222
1223
1224
1226
1227
1228
1231
1234
1237
1241
1244
1248
1256
1257
1260
1263
1265
1267
1268
1271
1272
1273
1274
1282
1283
1285
1286
1288
1289
1290
1291
1294
1295
1300
1301
1302
1303
1305
1306
1307
1309
1312
1315
1320
1322
1323
1324
1328
1330
1334
1340
1346
1348
1350
1351
1353
1360
1362
1364
1368
1370
1371
1373
1375
1378
1382
1384
1386
1391
1395
1396
1397
1400
1407
1409
1411
1413
1415
1416
1418
1422
1425
1426
1428
1429
1430
1431
1433
1434
1435
1436
1437
1438
1447
1448
1449
1452
1456
1459
1462
1463
1464
1468
1469
1471
1472
1475
1480
1484
1485
1489
1490
1491
1492
1493
1494
1496
1497
1498
1499
1503
1504
1505
1506
1508
1511
1512
1514
1515
1516
1517
1519
1520
1521
1522
1523
1524
1525
1526
1527
1528
1532
1538
1539
1542
1543
1547
1548
1551
1553
1554
1556
1559
1562
1563
1565
1566
1567
1569
1571
1573
1574
1576
1578
1579
1582
1583
1584
1588
1591
1594
1596
1599
1600
1601
1607
1608
1610
1617
1618
1619
1624
1630
1631
1632
1634
1640
1644
1645
1657
1658
1660
1663
1664
1665
1666
1667
1669
1673
1674
1675
1677
1678
1679
1680
1682
1694
1700
1701
1702
1704
1713
1714
1721
1722
1723
1727
1731
1732
1738
1741
1748
1749
1751
1753
1755
1756
1763
1766
1768
1769
1773
1775
1777
1779
1780
1784
1785
1787
1790
1795
1797
1798
1802
1804
1806
1809
1810
1812
1813
1814
1815
1816
1817
1818
1820
1821
1823
1824
1828
1831
1833
1834
1835
1836
1838
1840
1841
1842
1845
1848
1850
1856
1862
1863
1868
1870
1873
1874
1876
1877
1881
1884
1888
1889
1891
1892
1893
1895
1896
1897
1900
1901
1902
1904
1906
1907
1908
1909
1911
1912
1913
1919
1921
1922
1923
1924
1925
1926
1927
1928
1931
1932
1934
1935
1952
1953
1957
1958
1962
1963
1964
1966
1967
1968
1970
1971
1972
1976
1977
1979
1983
1985
1988
1989
1995
1996
1998
1999
2000
2004
2006
2010
2011
2015
2016
2017
2020
2022
2024
2025
2026
2028
2029
2030
2031
2032
2033
2037
2038
2039
2041
2048
2049
2051
2056
2062
2067
2068
2071
2075
2076
2078
2080
2082
2088
2089
2091
2092
2093
2094
2098
2100
2105
2106
2107
2108
2109
2110
2113
2116
2117
2119
2122
2123
2126
2132
2133
2135
2136
2137
2138
2143
2144
2145
2147
2149
2151
2152
2153
2154
2155
2156
2157
2158
2159
2162
2163
2166
2169
2172
2174
2175
2176
2180
2182
2183
2185
2188
2190
2192
2194
2197
2198
2199
2210
2211
2212
2214
2215
2217
2219
2222
2223
2225
2226
2227
2230
2231
2232
2234
2237
2238
2240
2241
2242
2243
2244
2245
2251
2254
2255
2256
2258
2262
2263
2267
2268
2270
2273
2274
2275
2276
2278
2279
2282
2283
2285
2286
2288
2291
2292
2295
2297
2298
2300
2305
2306
2307
2312
2314
2315
2317
2320
2326
2328
2329
2330
2331
2332
2333
2339
2340
2344
2347
2348
2351
2355
2356
2359
2361
2362
2365
2366
2367
2369
2372
2378
2379
2381
2382
2383
2384
2387
2389
2390
2397
2398
2399
2400
2402
2403
2405
2406
2408
2409
2411
2412
2413
2420
2421
2426
2427
2430
2432
2435
2436
2441
2445
2447
2449
2450
2451
2453
2458
2460
2461
2464
2467
2468
2470
2471
2472
2473
2475
2478
2479
2483
2486
2487
2490
2491
2492
2494
2496
2497
2498
2499
2500
2501
2503
2506
2507
2513
2514
2517
2520
2522
2523
2525
2526
2527
2528
2531
2532
2537
2539
2540
2542
2545
2546
2548
2549
2550
2551
2552
2554
2555
2559
2560
2563
2564
2570
2571
2572
2573
2575
2577
2580
2581
2584
2585
2588
2589
2592
2593
2598
2599
2602
2603
2604
2605
2610
2611
2613
2616
2621
2623
2624
2625
2629
2638
2640
2643
2644
2648
2652
2654
2658
2659
2660
2664
2666
2670
2671
2672
2676
2678
2681
2682
2684
2686
2687
2690
2691
2692
2694
2695
2696
2699
2700
2701
2703
2705
2709
2710
2711
2712
2714
2715
2717
2718
2720
2721
2722
2725
2726
2729
2733
2737
2741
2746
2750
2751
2756
2758
2759
2764
2765
2766
2768
2771
2772
2777
2780
2781
2783
2785
2786
2787
2788
2789
2792
2793
2794
2795
2796
2799
2802
2808
2809
2811
2813
2816
2819
2821
2823
2824
2827
2828
2830
2831
2834
2835
2836
2837
2840
2841
2843
2844
2847
2848
2851
2853
2855
2858
2859
2863
2864
2867
2868
2872
2874
2875
2877
2878
2880
2883
2885
2887
2889
2890
2891
2897
2898
2901
2902
2904
2905
2908
2910
2912
2913
2914
2915
2916
2917
2918
2922
2927
2930
2932
2933
2935
2936
2937
2938
2939
2940
2944
2946
2948
2950
2952
2953
2954
2958
2961
2962
2964
2966
2967
2968
2970
2971
2977
2978
2980
2982
2983
2986
2988
2989
2990
2993
2999
3001
3005
3006
3011
3014
3015
3016
3018
3019
3020
3024
3028
3033
3038
3041
3042
3043
3044
3046
3048
3051
3052
3054
3055
3056
3057
3058
3060
3062
3063
3065
3068
3069
3070
3074
3075
3077
3080
3082
3084
3086
3090
3093
3096
3098
3099
3100
3101
3103
3104
3106
3109
3110
3112
3114
3117
3120
3123
3127
3131
3136
3137
3148
3150
3152
3154
3155
3158
3159
3162
3164
3166
3169
3172
3180
3181
3182
3185
3190
3192
3193
3194
3201
3202
3203
3204
3205
3207
3208
3211
3213
3216
3218
3225
3227
3228
3229
3230
3231
3234
3235
3236
3237
3239
3241
3242
3243
3244
3245
3249
3250
3255
3259
3260
3261
3266
3267
3269
3271
3272
3276
3278
3279
3281
3283
3288
3291
3292
3296
3298
3300
3302
3303
3304
3310
3311
3313
3316
3319
3320
3324
3326
3328
3329
3331
3339
3340
3341
3345
3347
3348
3352
3356
3360
3361
3366
3369
3372
3373
3375
3378
3380
3382
3383
3384
3385
3386
3387
3389
3390
3393
3394
3396
3397
3398
3400
3402
3403
3405
3406
3407
3408
3409
3413
3414
3418
3419
3420
3421
3423
3427
3428
3440
3445
3451
3452
3453
3459
3460
3461
3462
3464
3465
3470
3473
3475
3476
3477
3479
3480
3481
3485
3488
3493
3494
3496
3497
3498
3499
3501
3508
3509
3510
3511
3515
3517
3519
3520
3522
3526
3528
3529
3533
3534
3537
3538
3545
3546
3549
3553
3555
3559
3566
3567
3568
3572
3574
3578
3590
3591
3594
3595
3596
3597
3598
3599
3605
3607
3614
3615
3618
3619
3622
3623
3625
3630
3631
3633
3636
3639
3641
3642
3646
3654
3655
3658
3659
3660
3661
3663
3665
3667
3669
3670
3671
3673
3676
3677
3678
3679
3680
3681
3682
3683
3685
3686
3688
3689
3693
3694
3695
3697
3698
3703
3704
3705
3707
3708
3710
3711
3712
3715
3716
3717
3721
3722
3723
3725
3726
3730
3733
3735
3736
3743
3744
3747
3748
3762
3764
3765
3771
3776
3777
3779
3780
3781
3784
3785
3786
3789
3790
3793
3794
3796
3798
3803
3804
3805
3806
3808
3811
3812
3813
3815
3816
3818
3819
3820
3822
3823
3824
3825
3827
3830
3839
3840
3845
3850
3854
3856
3858
3859
3861
3866
3872
3873
3877
3878
3879
3880
3882
3884
3888
3889
3890
3891
3892
3893
3895
3898
3901
3903
3904
3905
3907
3909
3910
3911
3912
3916
3918
3920
3921
3922
3923
3924
3926
3927
3928
3929
3930
3932
3933
3935
3938
3943
3948
3949
3951
3954
3955
3956
3957
3958
3962
3964
3968
3969
3971
3972
3974
3975
3978
3979
3980
3983
3985
3987
3992
3994
3995
4002
4004
4007
4008
4009
4011
4013
4014
4017
4018
4020
4021
4028
4030
4031
4032
4034
4035
4038
4040
4041
4043
4046
4047
4055
4056
4058
4059
4063
4064
4067
4072
4077
4079
4080
4082
4084
4086
4087
4091
4092
4094
4097
4100
4103
4108
4109
4114
4115
4116
4118
4124
4126
4127
4128
4133
4137
4139
4141
4142
4150
4151
4152
4154
4155
4156
4157
4159
4162
4164
4168
4169
4170
4176
4177
4179
4181
4186
4187
4188
4190
4191
4194
4196
4197
4202
4203
4209
4211
4212
4213
4218
4219
4224
4226
4231
4232
4234
4235
4237
4238
4240
4241
4242
4243
4244
4248
4250
4251
4254
4255
4257
4262
4263
4264
4267
4268
4272
4278
4280
4281
4285
4286
4291
4292
4294
4295
4297
4298
4299
4301
4302
4305
4306
4308
4310
4314
4315
4318
4319
4325
4326
4330
4331
4335
4338
4339
4340
4341
4344
4346
4348
4353
4359
4363
4364
4365
4368
4370
4372
4374
4376
4379
4383
4384
4387
4390
4392
4393
4395
4397
4399
4401
4403
4404
4405
4406
4407
4408
4409
4412
4415
4416
4418
4420
4422
4423
4424
4425
4426
4428
4429
4431
4433
4437
4438
4440
4450
4451
4453
4457
4458
4459
4461
4462
4465
4470
4471
4472
4473
4484
4486
4487
4488
4489
4491
4492
4498
4499
4501
4505
4506
4510
4511
4513
4514
4516
4521
4525
4526
4528
4530
4532
4535
4536
4538
4540
4541
4544
4546
4547
4548
4549
4550
4551
4553
4556
4558
4560
4561
4563
4565
4567
4569
4570
4571
4572
4575
4578
4580
4581
4582
4583
4587
4591
4592
4594
4597
4598
4599
4604
4605
4606
4607
4608
4613
4616
4617
4619
4620
4621
4622
4626
4631
4633
4634
4636
4638
4639
4641
4642
4644
4646
4647
4648
4653
4660
4662
4663
4665
4666
4671
4678
4680
4683
4684
4686
4689
4691
4692
4693
4694
4695
4697
4701
4704
4705
4708
4715
4716
4720
4725
4726
4727
4729
4731
4733
4737
4739
4740
4742
4743
4744
4749
4755
4756
4757
4759
4763
4765
4767
4768
4770
4773
4776
4777
4780
4781
4783
4784
4785
4786
4788
4790
4791
4797
4800
4803
4805
4809
4810
4818
4819
4820
4821
4822
4823
4825
4826
4827
4828
4829
4830
4833
4836
4840
4841
4843
4846
4847
4848
4849
4854
4856
4857
4858
4860
4863
4867
4868
4870
4872
4874
4876
4879
4881
4883
4885
4887
4888
4893
4894
4901
4908
4909
4911
4913
4915
4916
4921
4922
4924
4929
4930
4931
4932
4934
4935
4938
4941
4942
4945
4946
4947
4948
4949
4953
4954
4955
4960
4963
4964
4966
4967
4969
4970
4973
4974
4976
4977
4978
4979
4985
4986
4989
4990
4991
4994
4995
4999
5000
5001
5002
5003
5004
5008
5009
5011
5012
5013
5016
5020
5021
5022
5023
5032
5033
5034
5035
5036
5037
5038
5043
5044
5046
5047
5048
5052
5053
5054
5055
5056
5059
5060
5062
5064
5065
5066
5068
5069
5072
5073
5074
5075
5077
5078
5079
5081
5082
5086
5087
5088
5089
5092
5099
5100
5103
5105
5108
5115
5118
5121
5122
5123
5126
5127
5130
5132
5134
5135
5138
5141
5143
5147
5148
5150
5151
5153
5154
5158
5162
5167
5168
5170
5171
5172
5173
5175
5178
5181
5182
5184
5186
5194
5197
5198
5199
5201
5202
5204
5205
5206
5207
5209
5219
5222
5223
5225
5227
5229
5231
5232
5234
5236
5246
5249
5251
5252
5254
5255
5261
5265
5266
5267
5269
5272
5277
5279
5280
5281
5282
5285
5287
5289
5293
5298
5299
5301
5302
5303
5304
5305
5308
5314
5315
5316
5317
5318
5320
5323
5327
5330
5333
5334
5335
5338
5341
5343
5348
5349
5350
5355
5357
5360
5362
5365
5366
5367
5371
5373
5374
5375
5377
5378
5379
5382
5386
5387
5390
5391
5392
5393
5394
5396
5401
5402
5403
5404
5405
5412
5413
5415
5418
5419
5420
5421
5422
5423
5424
5425
5429
5431
5433
5436
5437
5438
5439
5441
5442
5445
5446
5448
5449
5451
5453
5455
5457
5463
5465
5467
5468
5473
5474
5476
5480
5482
5484
5485
5486
5488
5490
5493
5495
5498
5501
5503
5504
5505
5512
5515
5516
5517
5520
5521
5522
5525
5527
5531
5534
5535
5541
5549
5552
5553
5556
5559
5560
5561
5563
5566
5569
5572
5573
5574
5575
5578
5579
5580
5587
5588
5589
5590
5591
5594
5595
5596
5601
5602
5608
5613
5615
5618
5619
5620
5621
5622
5623
5624
5627
5631
5634
5636
5638
5639
5642
5643
5644
5645
5647
5648
5649
5650
5651
5654
5655
5657
5660
5662
5667
5669
5671
5672
5673
5677
5681
5682
5685
5689
5693
5695
5696
5697
5703
5704
5705
5707
5708
5713
5715
5721
5722
5723
5726
5727
5728
5730
5731
5735
5737
5738
5741
5742
5744
5745
5748
5751
5755
5757
5759
5760
5764
5768
5769
5770
5771
5774
5776
5777
5779
5780
5782
5785
5786
5787
5790
5791
5792
5794
5797
5799
5805
5808
5810
5811
5812
5813
5816
5817
5818
5819
5823
5825
5827
5830
5834
5835
5836
5837
5838
5839
5841
5842
5843
5844
5845
5847
5848
5849
5853
5854
5856
5857
5858
5859
5863
5864
5866
5867
5868
5871
5872
5875
5877
5879
5880
5886
5889
5891
5895
5896
5897
5898
5899
5904
5908
5910
5912
5914
5918
5919
5921
5922
5925
5926
5927
5928
5929
5930
5931
5932
5933
5934
5936
5938
5942
5945
5947
5948
5950
5951
5953
5956
5957
5960
5961
5963
5964
5965
5968
5970
5972
5974
5975
5978
5984
5988
5989
5991
5996
5997
5998
6001
6004
6006
6008
6010
6012
6016
6020
6021
6022
6023
6025
6026
6027
6030
6034
6035
6036
6040
6041
6042
6043
6044
6045
6046
6048
6050
6051
6054
6056
6057
6059
6060
6061
6065
6067
6069
6071
6072
6073
6074
6075
6078
6079
6080
6083
6087
6089
6092
6093
6094
6097
6100
6103
6104
6106
6108
6109
6110
6112
6114
6115
6118
6119
6122
6125
6126
6129
6130
6137
6138
6139
6142
6145
6147
6149
6151
6152
6153
6154
6157
6161
6164
6165
6169
6171
6172
6173
6174
6176
6177
6185
6186
6189
6190
6191
6192
6194
6196
6197
6198
6200
6202
6205
6206
6209
6212
6213
6215
6216
6221
6222
6223
6224
6226
6227
6230
6232
6234
6235
6236
6240
6241
6246
6250
6251
6252
6256
6257
6260
6263
6265
6269
6277
6281
6283
6284
6285
6287
6290
6294
6296
6297
6299
6300
6303
6307
6309
6311
6313
6316
6318
6319
6323
6324
6327
6328
6329
6330
6338
6340
6342
6345
6348
6349
6351
6354
6358
6359
6367
6368
6369
6371
6372
6374
6375
6376
6380
6382
6383
6392
6395
6396
6399
6402
6406
6407
6410
6412
6414
6423
6426
6428
6429
6432
6433
6434
6437
6441
6442
6443
6444
6445
6448
6450
6451
6453
6454
6455
6457
6458
6459
6461
6464
6465
6467
6468
6472
6474
6475
6476
6477
6479
6480
6482
6483
6484
6489
6490
6491
6492
6494
6496
6498
6500
6502
6506
6507
6509
6510
6511
6512
6513
6515
6518
6519
6520
6524
6526
6528
6531
6532
6534
6535
6536
6539
6540
6543
6545
6546
6548
6549
6551
6552
6553
6555
6558
6559
6560
6561
6565
6567
6570
6572
6574
6579
6580
6581
6582
6584
6586
6588
6589
6590
6591
6595
6597
6601
6602
6603
6604
6606
6607
6610
6615
6618
6619
6620
6621
6622
6623
6624
6625
6629
6630
6632
6635
6637
6639
6640
6641
6646
6647
6655
6657
6659
6662
6663
6664
6665
6668
6671
6673
6676
6677
6685
6686
6689
6690
6692
6694
6695
6697
6701
6702
6703
6708
6709
6711
6712
6713
6718
6719
6721
6722
6723
6724
6730
6733
6737
6738
6741
6742
6743
6748
6749
6750
6753
6754
6755
6758
6759
6760
6762
6763
6765
6769
6771
6774
6777
6778
6779
6781
6782
6783
6784
6786
6787
6788
6790
6792
6793
6794
6795
6797
6798
6802
6803
6805
6806
6808
6809
6810
6811
6813
6815
6816
6819
6820
6822
6824
6825
6828
6829
6830
6832
6834
6835
6837
6839
6841
6842
6843
6845
6846
6847
6852
6859
6864
6865
6866
6868
6869
6870
6874
6875
6878
6880
6881
6884
6885
6886
6887
6891
6892
6893
6896
6898
6900
6905
6907
6908
6916
6919
6922
6925
6927
6928
6934
6935
6937
6938
6943
6944
6945
6948
6949
6955
6958
6960
6961
6963
6966
6968
6970
6974
6977
6980
6981
6983
6984
6987
6989
6990
6992
6994
6995
6996
6997
6999
7000
7005
7006
7008
7010
7012
7013
7018
7023
7026
7029
7030
7032
7033
7035
7038
7040
7042
7043
7044
7046
7049
7052
7054
7060
7064
7065
7069
7070
7075
7076
7077
7083
7084
7085
7087
7088
7089
7092
7093
7094
7096
7097
7098
7099
7106
7108
7110
7114
7119
7120
7121
7122
7126
7129
7131
7132
7133
7137
7139
7140
7141
7143
7145
7147
7149
7151
7154
7156
7157
7158
7159
7160
7161
7164
7168
7169
7170
7175
7176
7178
7179
7182
7183
7185
7186
7187
7188
7189
7192
7193
7194
7196
7197
7198
7200
7202
7203
7205
7206
7208
7209
7210
7211
7215
7217
7218
7219
7221
7222
7226
7227
7230
7231
7232
7235
7236
7238
7240
7242
7243
7244
7246
7247
7248
7249
7250
7251
7255
7256
7257
7258
7259
7262
7267
7268
7269
7271
7272
7273
7275
7277
7281
7282
7283
7284
7285
7286
7289
7290
7291
7294
7299
7301
7302
7303
7306
7307
7308
7310
7312
7313
7317
7318
7324
7326
7327
7328
7331
7332
7333
7335
7336
7337
7338
7339
7340
7341
7343
7345
7347
7348
7351
7352
7355
7357
7358
7359
7361
7363
7364
7368
7370
7373
7374
7380
7382
7384
7385
7391
7392
7394
7395
7396
7397
7399
7400
7402
7404
7406
7407
7412
7413
7414
7416
7418
7421
7424
7425
7427
7428
7429
7433
7435
7437
7438
7439
7442
7444
7446
7447
7451
7455
7459
7460
7461
7462
7463
7464
7466
7469
7475
7478
7479
7481
7482
7485
7488
7489
7494
7495
7496
7499
7504
7506
7507
7508
7511
7512
7517
7519
7520
7524
7525
7531
7534
7536
7537
7538
7540
7541
7543
7546
7547
7548
7550
7551
7552
7553
7554
7555
7556
7559
7561
7564
7565
7568
7569
7570
7571
7572
7573
7574
7575
7578
7579
7581
7585
7586
7587
7592
7594
7596
7597
7601
7602
7604
7606
7610
7611
7613
7615
7616
7619
7620
7621
7623
7624
7625
7630
7631
7632
7633
7637
7638
7647
7651
7652
7654
7655
7661
7663
7667
7670
7671
7672
7676
7678
7679
7681
7683
7684
7686
7689
7691
7702
7704
7705
7707
7713
7720
7723
7724
7725
7726
7729
7730
7731
7734
7737
7739
7744
7745
7747
7749
7753
7754
7756
7757
7762
7763
7768
7769
7774
7775
7776
7777
7780
7781
7782
7792
7793
7796
7800
7801
7802
7803
7804
7806
7809
7810
7814
7818
7820
7823
7826
7827
7828
7829
7830
7833
7834
7835
7836
7837
7841
7842
7845
7846
7848
7849
7850
7851
7852
7853
7855
7856
7858
7859
7863
7864
7867
7868
7870
7871
7872
7873
7875
7876
7877
7880
7881
7888
7890
7891
7893
7894
7895
7897
7898
7900
7903
7906
7907
7908
7909
7910
7912
7913
7915
7916
7917
7923
7924
7927
7928
7932
7933
7934
7935
7939
7942
7943
7944
7946
7947
7949
7951
7952
7953
7954
7956
7959
7960
7962
7964
7965
7967
7969
7972
7974
7976
7977
7982
7983
7985
7987
7988
7992
7993
7995
7996
7997
8000
8002
8008
8011
8013
8015
8017
8019
8021
8022
8023
8024
8025
8026
8027
8032
8033
8035
8036
8039
8041
8042
8045
8046
8047
8050
8051
8053
8054
8055
8057
8059
8060
8061
8065
8068
8069
8071
8075
8080
8081
8085
8087
8090
8092
8094
8102
8104
8105
8109
8111
8112
8114
8115
8117
8118
8120
8123
8125
8126
8127
8128
8129
8130
8131
8132
8135
8136
8140
8142
8145
8146
8147
8150
8152
8154
8155
8157
8159
8161
8164
8165
8166
8168
8169
8170
8171
8173
8174
8178
8181
8182
8183
8184
8188
8191
8193
8194
8195
8196
8197
8200
8201
8202
8203
8206
8208
8209
8213
8214
8223
8225
8230
8231
8233
8234
8235
8236
8241
8242
8244
8245
8248
8250
8252
8253
8256
8257
8259
8260
8267
8268
8273
8276
8283
8284
8292
8294
8296
8297
8301
8303
8306
8311
8312
8315
8319
8322
8327
8330
8332
8333
8339
8341
8342
8345
8346
8347
8348
8352
8356
8357
8361
8364
8365
8369
8370
8371
8376
8378
8381
8382
8383
8386
8387
8388
8391
8396
8397
8398
8399
8406
8415
8416
8418
8420
8421
8432
8433
8434
8436
8439
8440
8441
8442
8443
8444
8449
8450
8453
8454
8455
8458
8461
8464
8466
8467
8468
8470
8472
8473
8484
8485
8486
8489
8493
8494
8495
8496
8497
8501
8502
8504
8505
8509
8511
8513
8514
8515
8520
8523
8526
8530
8534
8536
8537
8539
8540
8545
8550
8555
8556
8559
8560
8563
8564
8567
8568
8570
8571
8573
8574
8575
8578
8579
8582
8583
8588
8589
8592
8593
8596
8602
8603
8604
8606
8608
8610
8611
8613
8615
8617
8618
8619
8622
8623
8624
8625
8626
8628
8630
8637
8638
8639
8641
8642
8644
8646
8647
8654
8655
8658
8660
8663
8664
8665
8667
8672
8673
8674
8676
8678
8679
8681
8682
8688
8690
8691
8692
8694
8696
8697
8698
8699
8701
8702
8703
8708
8709
8710
8711
8712
8713
8715
8718
8722
8723
8725
8726
8730
8738
8739
8740
8742
8744
8745
8749
8751
8752
8753
8754
8756
8757
8762
8764
8765
8766
8769
8770
8772
8773
8774
8776
8778
8784
8788
8790
8791
8793
8795
8797
8798
8800
8802
8803
8804
8806
8807
8811
8813
8814
8816
8817
8819
8821
8824
8825
8827
8828
8829
8831
8834
8835
8837
8840
8841
8842
8844
8847
8848
8849
8851
8853
8855
8856
8857
8858
8862
8868
8870
8873
8874
8878
8879
8884
8885
8886
8887
8888
8891
8895
8897
8898
8900
8902
8908
8910
8913
8914
8915
8916
8917
8919
8921
8924
8925
8927
8931
8934
8940
8942
8944
8946
8947
8948
8949
8954
8955
8957
8958
8959
8961
8963
8973
8975
8978
8981
8984
8985
8986
8988
8991
8994
8995
8998
9000
9003
9005
9010
9013
9015
9019
9025
9027
9028
9029
9030
9033
9034
9035
9037
9038
9039
9043
9044
9046
9048
9050
9051
9052
9054
9057
9058
9060
9061
9063
9064
9065
9069
9070
9076
9080
9083
9085
9086
9087
9090
9093
9094
9098
9101
9102
9103
9104
9106
9108
9110
9111
9114
9115
9116
9120
9121
9123
9126
9127
9129
9130
9131
9140
9141
9142
9144
9145
9146
9149
9152
9154
9155
9159
9160
9161
9163
9165
9166
9168
9169
9171
9175
9176
9179
9180
9181
9185
9187
9190
9194
9196
9198
9201
9205
9208
9210
9213
9217
9218
9219
9221
9222
9223
9224
9225
9227
9228
9230
9233
9235
9236
9237
9238
9241
9244
9246
9247
9248
9250
9252
9253
9254
9258
9261
9262
9268
9269
9270
9271
9273
9275
9276
9278
9279
9280
9281
9284
9285
9287
9289
9290
9291
9292
9294
9296
9297
9298
9299
9300
9304
9306
9309
9311
9312
9313
9317
9321
9324
9326
9329
9334
9339
9340
9341
9342
9349
9351
9355
9358
9359
9360
9363
9366
9368
9370
9371
9372
9373
9375
9376
9379
9380
9386
9387
9388
9393
9394
9396
9397
9398
9400
9402
9406
9407
9408
9410
9411
9418
9420
9422
9427
9429
9431
9433
9435
9439
9441
9443
9448
9449
9451
9453
9457
9458
9459
9460
9461
9464
9468
9470
9471
9472
9473
9474
9475
9476
9477
9478
9480
9483
9484
9486
9488
9490
9493
9494
9495
9498
9500
9503
9505
9507
9508
9514
9516
9517
9522
9523
9524
9529
9530
9536
9537
9538
9539
9541
9543
9544
9547
9548
9550
9553
9555
9556
9561
9562
9565
9566
9568
9569
9571
9576
9577
9580
9583
9585
9586
9589
9590
9591
9592
9593
9595
9599
9601
9605
9606
9608
9611
9619
9621
9622
9623
9624
9627
9631
9632
9633
9636
9638
9645
9646
9654
9655
9657
9659
9662
9663
9664
9665
9666
9670
9671
9676
9677
9678
9680
9681
9682
9683
9684
9688
9689
9699
9700
9701
9702
9705
9706
9710
9713
9714
9715
9716
9718
9719
9720
9721
9723
9725
9729
9735
9736
9740
9742
9743
9746
9747
9750
9753
9754
9757
9758
9759
9761
9762
9763
9764
9765
9767
9768
9769
9771
9773
9774
9776
9777
9782
9784
9786
9787
9788
9790
9791
9792
9795
9797
9799
9800
9805
9807
9808
9813
9814
9817
9818
9820
9822
9826
9827
9830
9831
9833
9834
9835
9838
9841
9842
9843
9845
9846
9848
9851
9852
9857
9858
9860
9861
9864
9869
9870
9871
9875
9880
9882
9883
9885
9887
9888
9895
9896
9898
9900
9901
9904
9907
9912
9915
9919
9920
9922
9924
9925
9926
9927
9932
9933
9934
9935
9936
9938
9939
9941
9942
9943
9944
9946
9948
9952
9953
9954
9955
9956
9959
9960
9961
9965
9967
9968
9969
9973
9975
9976
9978
9988
9990
9992
9995
9996
9997
9999
10000
10001
10002
10004
10006
10011
10012
10014
10015
10016
10018
10019
10020
10021
10023
10024
10027
10030
10032
10033
10035
10037
10038
10039
10041
10042
10044
10046
10049
10052
10053
10054
10055
10056
10057
10058
10059
10068
10069
10070
10071
10072
10077
10081
10082
10083
10084
10085
10087
10091
10092
10093
10094
10095
10096
10097
10098
10099
10101
10104
10106
10111
10112
10113
10119
10121
10122
10124
10128
10129
10137
10141
10142
10143
10144
10147
10148
10149
10150
10153
10154
10157
10160
10162
10163
10166
10168
10174
10175
10176
10177
10179
10182
10184
10185
10192
10200
10206
10208
10209
10210
10211
10216
10220
10221
10222
10223
10225
10226
10227
10229
10233
10237
10240
10241
10244
10245
10251
10254
10256
10259
10261
10263
10265
10273
10274
10277
10280
10281
10283
10284
10286
10290
10291
10292
10294
10296
10297
10298
10300
10302
10305
10308
10312
10316
10319
10320
10323
10330
10331
10332
10333
10336
10337
10339
10343
10346
10348
10349
10353
10354
10359
10360
10364
10366
10369
10370
10371
10373
10375
10377
10379
10382
10383
10384
10385
10387
10388
10389
10390
10391
10392
10394
10396
10398
10399
10400
10401
10402
10403
10404
10406
10408
10412
10413
10419
10420
10421
10426
10427
10429
10430
10432
10433
10434
10438
10441
10444
10445
10446
10448
10450
10451
10453
10454
10455
10458
10460
10465
10466
10468
10472
10474
10475
10476
10478
10479
10480
10482
10483
10484
10487
10488
10490
10492
10494
10496
10497
10498
10500
10501
10502
10503
10504
10505
10506
10508
10509
10510
10511
10512
10513
10514
10517
10518
10520
10523
10528
10529
10530
10534
10535
10537
10544
10545
10546
10547
10550
10551
10552
10555
10558
10560
10562
10563
10564
10566
10567
10571
10572
10574
10576
10577
10583
10585
10594
10595
10596
10597
10598
10600
10601
10602
10606
10607
10609
10610
10611
10612
10615
10618
10619
10620
10621
10624
10625
10628
10629
10630
10631
10632
10634
10635
10636
10637
10639
10641
10646
10647
10650
10653
10654
10657
10658
10659
10660
10661
10662
10664
10665
10669
10670
10675
10677
10678
10680
10681
10682
10684
10685
10686
10687
10688
10690
10694
10695
10697
10698
10699
10702
10704
10706
10712
10714
10716
10718
10719
10720
10721
10723
10725
10730
10731
10733
10738
10739
10741
10743
10747
10749
10751
10756
10757
10759
10760
10761
10762
10765
10766
10774
10776
10780
10782
10786
10787
10789
10793
10795
10798
10803
10806
10807
10808
10809
10811
10812
10813
10814
10816
10821
10824
10830
10831
10835
10836
10839
10841
10842
10843
10845
10847
10849
10851
10854
10856
10858
10859
10861
10864
10865
10866
10868
10869
10874
10875
10879
10881
10883
10884
10886
10887
10889
10891
10892
10895
10896
10897
10899
10902
10905
10907
10910
10911
10913
10914
10915
10916
10917
10918
10919
10921
10922
10923
10927
10931
10932
10934
10942
10944
10948
10949
10953
10955
10956
10958
10962
10965
10966
10968
10970
10971
10972
10977
10980
10982
10983
10984
10985
10986
10989
10993
10995
10998
11000
11001
11002
11004
11005
11008
11010
11014
11019
11021
11022
11023
11025
11026
11027
11028
11029
11031
11032
11034
11035
11037
11038
11039
11042
11044
11045
11047
11049
11052
11060
11066
11068
11070
11071
11072
11073
11074
11075
11080
11082
11084
11087
11088
11090
11091
11095
11099
11101
11102
11104
11106
11107
11110
11111
11112
11118
11121
11122
11125
11127
11129
11130
11132
11134
11136
11138
11140
11144
11149
11150
11151
11153
11157
11158
11160
11161
11165
11170
11171
11172
11174
11175
11176
11177
11179
11182
11184
11185
11187
11188
11189
11191
11192
11193
11194
11195
11196
11197
11198
11200
11203
11204
11205
11210
11212
11215
11216
11218
11220
11224
11231
11232
11233
11234
11235
11236
11238
11241
11242
11244
11246
11251
11252
11254
11256
11259
11261
11264
11265
11267
11271
11273
11276
11277
11279
11280
11281
11283
11287
11288
11294
11295
11298
11300
11306
11308
11309
11310
11316
11319
11321
11323
11324
11325
11327
11329
11330
11334
11335
11336
11337
11339
11341
11342
11343
11344
11349
11353
11354
11355
11356
11357
11358
11359
11362
11363
11370
11372
11375
11376
11377
11379
11380
11382
11383
11385
11387
11389
11392
11395
11396
11397
11398
11399
11400
11404
11406
11407
11408
11409
11414
11415
11416
11417
11418
11422
11423
11427
11429
11431
11432
11434
11435
11436
11437
11438
11439
11440
11442
11443
11444
11445
11447
11450
11452
11455
11456
11460
11461
11462
11464
11471
11474
11475
11477
11478
11479
11480
11483
11485
11488
11489
11490
11491
11492
11493
11495
11497
11498
11499
11501
11503
11504
11505
11507
11509
11510
11516
11517
11518
11521
11525
11528
11529
11530
11533
11534
11538
11540
11541
11542
11543
11546
11547
11549
11551
11554
11558
11559
11560
11565
11567
11568
11570
11571
11573
11575
11577
11578
11579
11580
11582
11583
11585
11587
11589
11591
11592
11593
11594
11596
11597
11599
11600
11601
11603
11610
11614
11615
11616
11620
11621
11624
11625
11626
11629
11630
11633
11636
11639
11640
11641
11642
11644
11645
11648
11649
11650
11652
11654
11657
11659
11660
11661
11662
11663
11664
11666
11667
11669
11670
11672
11676
11677
11681
11682
11683
11686
11687
11688
11695
11696
11698
11700
11701
11704
11712
11716
11719
11725
11734
11737
11739
11740
11741
11742
11744
11746
11748
11753
11754
11755
11756
11757
11758
11759
11761
11763
11765
11766
11768
11769
11770
11771
11772
11773
11774
11775
11776
11779
11780
11782
11783
11784
11786
11791
11792
11793
11794
11795
11799
11800
11804
11805
11806
11808
11809
11810
11812
11813
11814
11815
11817
11819
11821
11826
11829
11832
11836
11843
11844
11847
11849
11850
11851
11852
11853
11854
11855
11856
11858
11859
11862
11871
11873
11874
11875
11876
11878
11879
11882
11884
11885
11886
11887
11888
11890
11891
11892
11894
11895
11901
11909
11910
11911
11915
11916
11918
11921
11923
11924
11926
11928
11929
11930
11931
11937
11939
11941
11944
11946
11947
11948
11951
11953
11954
11957
11959
11962
11963
11965
11966
11967
11977
11980
11981
11982
11983
11984
11986
11987
11988
11990
11992
11994
11995
11996
11997
11998
12000
12001
12002
12004
12006
12007
12008
12010
12011
12012
12015
12016
12017
12020
12021
12023
12026
12028
12029
12030
12035
12037
12039
12040
12041
12044
12046
12049
12050
12052
12053
12055
12058
12059
12060
12062
12066
12067
12069
12071
12073
12078
12079
12081
12082
12083
12084
12086
12088
12089
12091
12092
12094
12095
12096
12097
12099
12100
12101
12102
12103
12105
12106
12107
12109
12115
12123
12124
12125
12126
12129
12130
12131
12133
12134
12136
12137
12138
12140
12141
12146
12147
12150
12154
12160
12162
12163
12169
12170
12172
12174
12179
12180
12183
12185
12186
12190
12192
12193
12196
12202
12205
12207
12208
12211
12213
12214
12215
12220
12223
12225
12227
12229
12231
12233
12235
12239
12240
12244
12245
12249
12253
12254
12255
12256
12257
12259
12261
12264
12265
12266
12267
12269
12271
12272
12275
12277
12278
12279
12283
12284
12289
12290
12293
12294
12295
12296
12297
12298
12300
12304
12305
12306
12307
12309
12310
12312
12313
12317
12318
12319
12320
12322
12325
12326
12327
12328
12330
12331
12332
12334
12335
12338
12340
12343
12344
12351
12355
12356
12357
12358
12359
12360
12362
12366
12368
12370
12374
12375
12379
12383
12386
12393
12394
12396
12397
12399
12404
12405
12406
12408
12410
12414
12415
12420
12424
12426
12428
12429
12430
12431
12433
12434
12435
12437
12439
12441
12442
12444
12445
12446
12449
12452
12455
12456
12457
12458
12463
12466
12467
12472
12473
12475
12477
12479
12481
12482
12483
12484
12485
12487
12490
12491
12498
12499
12500
12502
12504
12505
12506
12510
12511
12515
12516
12517
12518
12520
12521
12525
12526
12527
12530
12532
12533
12537
12538
12540
12544
12545
12549
12554
12556
12557
12558
12560
12563
12566
12567
12569
12570
12571
12573
12579
12580
12584
12585
12587
12588
12591
12597
12599
12601
12602
12604
12607
12609
12610
12611
12612
12613
12614
12615
12616
12617
12618
12620
12622
12627
12629
12631
12632
12635
12640
12642
12644
12645
12646
12647
12649
12650
12652
12653
12656
12658
12659
12661
12662
12663
12664
12667
12670
12674
12675
12676
12681
12682
12684
12688
12689
12690
12691
12696
12697
12698
12706
12708
12709
12711
12712
12713
12714
12715
12718
12719
12721
12722
12724
12725
12726
12729
12730
12731
12732
12734
12736
12743
12744
12748
12750
12753
12754
12755
12757
12759
12761
12763
12764
12765
12768
12773
12775
12778
12779
12782
12784
12786
12788
12789
12790
12791
12793
12798
12800
12803
12806
12807
12808
12810
12811
12812
12813
12814
12816
12818
12820
12821
12823
12825
12828
12829
12830
12832
12833
12834
12835
12836
12837
12838
12839
12841
12842
12845
12850
12851
12853
12856
12858
12859
12860
12862
12863
12864
12870
12871
12873
12875
12876
12878
12879
12880
12881
12882
12883
12886
12887
12894
12895
12897
12898
12899
12900
12904
12908
12909
12910
12911
12913
12914
12915
12916
12917
12918
12920
12923
12924
12925
12926
12930
12936
12938
12939
12943
12944
12948
12950
12954
12957
12958
12959
12960
12962
12963
12964
12967
12971
12973
12974
12975
12976
12978
12981
12984
12985
12988
12989
12992
12993
12997
13000
13002
13005
13006
13009
13011
13014
13017
13018
13020
13021
13026
13027
13030
13032
13034
13038
13044
13046
13049
13060
13061
13064
13067
13069
13070
13071
13072
13073
13074
13081
13085
13090
13091
13092
13093
13095
13098
13103
13104
13105
13106
13109
13110
13111
13112
13121
13123
13126
13128
13129
13135
13136
13138
13140
13142
13143
13144
13145
13146
13151
13155
13156
13159
13162
13163
13164
13166
13169
13171
13172
13173
13174
13176
13179
13190
13193
13197
13198
13199
13201
13203
13205
13206
13208
13209
13213
13214
13216
13219
13221
13224
13226
13227
13228
13229
13231
13233
13237
13238
13239
13241
13242
13243
13245
13246
13247
13248
13255
13258
13259
13267
13268
13269
13271
13272
13273
13274
13275
13276
13278
13279
13280
13281
13283
13284
13289
13290
13292
13293
13295
13297
13298
13299
13300
13301
13306
13308
13309
13311
13313
13317
13320
13321
13322
13327
13329
13330
13333
13334
13338
13340
13341
13347
13348
13351
13357
13360
13362
13364
13365
13366
13368
13372
13373
13375
13376
13377
13378
13379
13380
13385
13388
13391
13392
13393
13395
13398
13400
13401
13402
13409
13411
13413
13414
13415
13416
13417
13423
13424
13427
13428
13431
13432
13436
13438
13439
13446
13448
13449
13450
13451
13456
13457
13459
13461
13465
13466
13467
13469
13470
13476
13478
13480
13482
13483
13485
13486
13488
13489
13490
13494
13498
13502
13503
13504
13506
13508
13510
13511
13512
13515
13516
13517
13519
13520
13524
13525
13526
13527
13528
13529
13530
13531
13532
13535
13537
13540
13543
13544
13546
13548
13549
13551
13552
13554
13558
13559
13560
13561
13562
13564
13565
13568
13569
13571
13572
13573
13574
13575
13577
13580
13583
13584
13586
13589
13590
13596
13599
13600
13601
13604
13606
13607
13608
13609
13611
13613
13616
13617
13623
13624
13626
13628
13631
13634
13636
13638
13639
13641
13642
13644
13645
13647
13652
13654
13655
13656
13657
13658
13659
13661
13665
13667
13676
13677
13678
13681
13683
13684
13686
13688
13690
13694
13696
13699
13701
13702
13703
13704
13705
13706
13707
13709
13712
13714
13715
13718
13720
13721
13724
13726
13732
13734
13735
13736
13741
13750
13751
13753
13755
13758
13759
13760
13761
13764
13765
13766
13767
13768
13772
13773
13774
13775
13777
13778
13779
13782
13784
13789
13792
13793
13795
13797
13799
13803
13804
13807
13808
13809
13810
13812
13815
13816
13818
13822
13823
13825
13826
13827
13828
13829
13832
13837
13838
13839
13840
13842
13844
13847
13849
13850
13851
13852
13855
13857
13858
13859
13860
13864
13865
13866
13868
13870
13873
13874
13877
13880
13882
13883
13885
13886
13889
13890
13891
13894
13897
13899
13901
13903
13907
13909
13911
13912
13914
13915
13916
13918
13919
13920
13923
13925
13927
13928
13929
13930
13935
13936
13937
13939
13942
13944
13945
13949
13950
13952
13954
13955
13957
13958
13959
13961
13962
13963
13964
13965
13967
13968
13969
13970
13971
13973
13975
13977
13979
13982
13984
13986
13987
13991
13992
13993
13994
13995
14000
14003
14005
14006
14009
14014
14015
14016
14017
14018
14019
14021
14024
14025
14026
14032
14033
14035
14036
14037
14038
14039
14040
14041
14046
14047
14048
14053
14056
14058
14061
14063
14065
14068
14069
14071
14073
14075
14078
14080
14081
14087
14089
14092
14093
14094
14099
14100
14103
14107
14108
14110
14111
14112
14113
14115
14118
14119
14122
14123
14124
14125
14126
14127
14129
14132
14133
14134
14136
14138
14139
14141
14142
14146
14147
14148
14149
14150
14151
14153
14156
14158
14160
14161
14166
14168
14169
14170
14173
14176
14177
14178
14180
14184
14191
14194
14197
14198
14199
14200
14201
14202
14205
14206
14207
14208
14210
14211
14213
14217
14218
14219
14220
14221
14225
14228
14229
14234
14237
14238
14242
14243
14245
14246
14249
14251
14256
14257
14258
14260
14264
14268
14271
14276
14277
14281
14282
14285
14286
14287
14289
14294
14296
14298
14299
14300
14302
14305
14308
14309
14311
14313
14314
14315
14316
14317
14320
14321
14326
14328
14329
14331
14332
14334
14335
14336
14339
14342
14343
14345
14348
14350
14351
14353
14355
14357
14358
14360
14361
14362
14363
14364
14365
14367
14368
14370
14371
14372
14375
14376
14377
14378
14381
14384
14385
14387
14388
14389
14392
14393
14394
14395
14402
14404
14405
14406
14408
14410
14414
14415
14416
14417
14420
14421
14425
14428
14429
14432
14434
14435
14436
14440
14443
14445
14447
14448
14452
14456
14461
14463
14468
14477
14479
14480
14481
14486
14487
14489
14491
14493
14495
14503
14506
14507
14508
14509
14510
14513
14514
14517
14519
14521
14523
14524
14525
14527
14530
14531
14532
14533
14536
14538
14540
14541
14542
14545
14547
14548
14549
14550
14551
14552
14555
14557
14560
14562
14563
14568
14569
14572
14573
14574
14576
14577
14578
14579
14580
14582
14583
14584
14585
14586
14588
14591
14596
14597
14598
14599
14600
14601
14602
14603
14605
14606
14607
14611
14612
14615
14616
14618
14619
14622
14623
14624
14625
14626
14627
14628
14632
14633
14635
14637
14638
14639
14647
14648
14649
14650
14652
14655
14656
14659
14662
14664
14667
14668
14669
14670
14672
14673
14677
14678
14681
14683
14684
14685
14691
14692
14693
14695
14698
14699
14701
14707
14712
14713
14716
14717
14721
14723
14725
14727
14730
14731
14732
14733
14735
14736
14737
14740
14744
14745
14747
14748
14749
14750
14751
14752
14753
14755
14756
14761
14762
14763
14764
14765
14766
14767
14769
14770
14771
14772
14776
14777
14778
14783
14786
14787
14789
14791
14792
14793
14794
14797
14798
14799
14800
14805
14806
14807
14808
14812
14814
14816
14819
14820
14824
14825
14826
14828
14831
14832
14834
14835
14836
14839
14840
14844
14846
14847
14849
14853
14855
14857
14864
14866
14867
14869
14871
14874
14875
14876
14877
14878
14879
14883
14887
14888
14890
14897
14898
14901
14905
14906
14907
14909
14910
14912
14914
14920
14921
14928
14931
14936
14941
14942
14943
14946
14947
14949
14953
14955
14956
14958
14960
14962
14963
14966
14969
14970
14971
14973
14977
14982
14989
14991
14992
14994
14995
14996
14997
14998
14999
15004
15005
15008
15009
15012
15013
15014
15015
15021
15022
15023
15026
15028
15031
15032
15038
15039
15042
15044
15045
15048
15050
15056
15057
15058
15061
15062
15064
15065
15069
15073
15074
15075
15077
15078
15083
15086
15088
15092
15093
15094
15095
15098
15099
15106
15107
15108
15112
15113
15116
15118
15119
15120
15122
15124
15125
15129
15130
15132
15135
15136
15137
15138
15139
15140
15142
15143
15144
15145
15146
15147
15149
15150
15151
15155
15157
15161
15163
15164
15168
15169
15170
15171
15172
15173
15174
15178
15182
15183
15184
15187
15188
15190
15191
15192
15193
15195
15196
15197
15199
15201
15203
15204
15208
15210
15211
15218
15220
15221
15222
15226
15228
15229
15230
15231
15234
15236
15237
15238
15242
15243
15250
15251
15253
15254
15255
15257
15261
15262
15264
15268
15272
15274
15275
15279
15281
15282
15283
15284
15286
15287
15288
15290
15291
15297
15301
15302
15303
15306
15307
15310
15311
15317
15318
15320
15321
15322
15324
15327
15329
15332
15333
15337
15342
15343
15345
15346
15347
15348
15349
15353
15356
15362
15363
15364
15366
15368
15370
15373
15375
15376
15377
15378
15379
15383
15384
15385
15386
15388
15391
15394
15397
15398
15399
15401
15408
15409
15410
15412
15413
15415
15416
15418
15426
15427
15428
15430
15431
15432
15433
15435
15436
15439
15440
15441
15442
15446
15447
15450
15453
15457
15460
15461
15462
15464
15465
15466
15467
15468
15470
15471
15476
15479
15481
15484
15487
15490
15492
15499
15500
15501
15503
15505
15510
15511
15514
15515
15517
15519
15520
15521
15522
15524
15526
15527
15534
15538
15540
15541
15544
15545
15548
15549
15550
15551
15552
15554
15560
15562
15563
15564
15567
15568
15574
15577
15580
15584
15586
15589
15591
15593
15595
15598
15600
15604
15606
15609
15611
15613
15615
15619
15623
15625
15626
15630
15635
15637
15640
15642
15644
15647
15654
15655
15656
15657
15658
15662
15665
15670
15672
15676
15677
15679
15680
15682
15684
15687
15690
15691
15692
15693
15694
15703
15704
15705
15709
15713
15715
15717
15719
15720
15721
15722
15723
15731
15733
15734
15738
15741
15750
15751
15752
15754
15756
15757
15759
15760
15762
15765
15766
15767
15770
15771
15772
15775
15777
15779
15781
15783
15787
15789
15791
15793
15794
15797
15798
15800
15802
15803
15806
15807
15809
15811
15812
15814
15816
15818
15819
15820
15822
15823
15824
15826
15827
15829
15830
15834
15836
15839
15840
15842
15844
15845
15847
15851
15854
15855
15857
15862
15863
15865
15868
15869
15870
15871
15877
15878
15880
15881
15882
15883
15884
15885
15887
15888
15889
15890
15891
15892
15893
15894
15895
15897
15899
15900
15902
15903
15904
15905
15906
15907
15911
15913
15921
15923
15924
15925
15930
15936
15937
15938
15939
15942
15944
15946
15948
15949
15950
15954
15956
15961
15962
15964
15969
15972
15974
15975
15978
15982
15983
15984
15985
15986
15990
15994
15997
16000
16002
16003
16004
16005
16008
16009
16010
16013
16015
16019
16022
16026
16028
16029
16030
16032
16036
16039
16040
16041
16042
16044
16045
16048
16049
16053
16054
16056
16058
16059
16060
16064
16065
16068
16069
16070
16071
16073
16074
16075
16078
16079
16082
16083
16085
16086
16088
16092
16093
16094
16095
16098
16099
16101
16107
16108
16109
16111
16112
16114
16116
16117
16123
16125
16126
16127
16129
16130
16132
16133
16134
16135
16138
16140
16141
16142
16143
16145
16146
16149
16150
16152
16156
16163
16166
16167
16172
16173
16175
16177
16178
16179
16180
16182
16187
16189
16195
16201
16202
16203
16205
16206
16211
16213
16214
16216
16218
16223
16224
16225
16228
16229
16230
16239
16241
16243
16245
16246
16248
16250
16251
16257
16259
16260
16263
16264
16265
16269
16271
16272
16273
16276
16279
16281
16282
16284
16287
16289
16292
16295
16296
16297
16301
16303
16304
16305
16306
16307
16311
16312
16313
16314
16315
16317
16319
16321
16322
16328
16329
16330
16333
16335
16339
16343
16344
16346
16348
16349
16350
16352
16353
16354
16356
16357
16360
16362
16363
16364
16367
16370
16371
16373
16378
16379
16380
16381
16383
16385
16387
16389
16390
16392
16394
16395
16398
16400
16405
16407
16408
16410
16411
16412
16414
16416
16417
16419
16420
16421
16422
16423
16425
16426
16427
16431
16436
16439
16449
16450
16451
16461
16462
16463
16465
16466
16470
16471
16472
16473
16480
16482
16483
16484
16486
16492
16493
16494
16495
16500
16502
16505
16510
16513
16516
16519
16520
16521
16522
16525
16526
16527
16529
16534
16535
16537
16538
16539
16541
16542
16546
16547
16549
16551
16552
16553
16554
16555
16557
16560
16562
16563
16565
16566
16569
16570
16573
16574
16577
16578
16584
16585
16586
16587
16588
16589
16593
16594
16595
16596
16597
16599
16601
16604
16606
16608
16609
16611
16612
16617
16618
16621
16623
16624
16625
16626
16627
16628
16630
16631
16632
16634
16635
16637
16646
16650
16653
16654
16655
16656
16657
16659
16660
16661
16662
16664
16666
16667
16669
16672
16674
16675
16677
16678
16679
16680
16681
16682
16683
16685
16687
16691
16693
16694
16695
16696
16700
16701
16702
16703
16704
16705
16707
16708
16709
16711
16713
16717
16725
16726
16728
16729
16730
16731
16739
16742
16744
16747
16749
16750
16752
16753
16756
16759
16761
16763
16764
16765
16766
16767
16770
16771
16772
16773
16774
16775
16778
16779
16781
16782
16784
16785
16788
16789
16790
16791
16792
16794
16795
16796
16800
16805
16808
16809
16810
16811
16813
16815
16816
16817
16820
16824
16829
16831
16833
16835
16836
16844
16846
16847
16850
16851
16852
16853
16854
16857
16858
16859
16861
16864
16866
16869
16874
16876
16879
16880
16881
16882
16883
16884
16886
16893
16895
16897
16899
16901
16902
16904
16905
16908
16909
16910
16911
16912
16913
16915
16916
16918
16923
16927
16928
16933
16938
16940
16943
16945
16948
16951
16952
16954
16955
16957
16958
16959
16962
16963
16964
16965
16967
16969
16970
16971
16972
16973
16974
16978
16980
16982
16983
16984
16985
16988
16991
16992
16993
16996
16997
16998
17001
17003
17004
17006
17007
17009
17010
17012
17013
17014
17015
17016
17017
17018
17019
17020
17022
17023
17025
17027
17028
17029
17030
17031
17032
17036
17038
17039
17040
17041
17047
17049
17051
17052
17054
17056
17059
17064
17068
17069
17071
17072
17073
17074
17076
17077
17080
17084
17085
17086
17087
17088
17090
17092
17093
17094
17095
17096
17097
17099
17102
17103
17104
17106
17109
17110
17118
17120
17121
17122
17124
17125
17126
17129
17130
17131
17140
17142
17148
17149
17150
17151
17152
17154
17155
17156
17157
17158
17160
17162
17167
17173
17174
17175
17179
17180
17186
17187
17188
17189
17195
17197
17201
17203
17205
17207
17209
17210
17211
17212
17213
17214
17215
17216
17218
17220
17224
17226
17228
17229
17230
17233
17235
17236
17237
17238
17239
17240
17241
17247
17250
17251
17252
17253
17255
17258
17259
17260
17261
17262
17264
17266
17269
17270
17271
17272
17274
17275
17278
17279
17281
17283
17284
17290
17292
17296
17299
17303
17304
17305
17309
17313
17316
17317
17323
17324
17329
17331
17332
17333
17334
17335
17340
17342
17344
17346
17349
17353
17355
17357
17358
17361
17364
17365
17366
17367
17370
17372
17374
17375
17378
17383
17387
17388
17389
17391
17393
17395
17403
17405
17406
17407
17408
17410
17411
17413
17416
17418
17419
17420
17422
17424
17425
17429
17431
17435
17437
17439
17440
17442
17451
17455
17456
17457
17458
17459
17460
17461
17462
17464
17465
17467
17468
17470
17471
17475
17477
17478
17480
17482
17483
17485
17487
17488
17489
17490
17493
17494
17496
17499
17501
17502
17503
17504
17505
17506
17507
17509
17511
17514
17517
17518
17519
17520
17521
17522
17523
17524
17526
17527
17530
17532
17539
17541
17542
17544
17545
17546
17547
17551
17553
17560
17563
17564
17567
17569
17572
17575
17578
17580
17581
17588
17589
17593
17595
17600
17604
17605
17608
17609
17615
17617
17618
17620
17622
17623
17625
17626
17627
17631
17634
17635
17637
17638
17639
17641
17642
17645
17646
17651
17652
17654
17662
17667
17668
17670
17672
17673
17674
17677
17678
17679
17682
17683
17691
17694
17697
17698
17699
17701
17706
17708
17710
17712
17713
17715
17716
17717
17723
17724
17729
17731
17732
17733
17739
17741
17743
17744
17745
17746
17747
17748
17750
17752
17755
17756
17757
17758
17759
17760
17763
17766
17767
17769
17770
17772
17773
17774
17777
17781
17784
17790
17792
17797
17798
17799
17800
17801
17804
17805
17806
17808
17809
17812
17814
17816
17817
17818
17821
17823
17825
17829
17830
17832
17834
17837
17840
17842
17847
17848
17850
17852
17853
17855
17859
17860
17861
17862
17863
17866
17868
17871
17874
17875
17877
17878
17882
17884
17885
17887
17888
17889
17890
17891
17894
17895
17899
17900
17901
17902
17903
17906
17907
17908
17909
17910
17912
17913
17914
17917
17919
17921
17923
17926
17927
17928
17929
17930
17931
17934
17936
17941
17943
17945
17946
17947
17949
17951
17953
17956
17957
17958
17959
17962
17965
17966
17968
17972
17973
17974
17975
17976
17979
17981
17984
17985
17992
17993
17994
17996
17997
17998
18001
18002
18003
18005
18010
18011
18013
18015
18017
18021
18022
18023
18024
18028
18029
18031
18032
18033
18034
18037
18039
18041
18042
18043
18047
18054
18057
18059
18061
18062
18063
18066
18067
18068
18070
18073
18074
18076
18077
18079
18082
18084
18086
18087
18091
18092
18097
18098
18100
18102
18104
18105
18108
18109
18111
18112
18117
18120
18121
18122
18126
18127
18128
18133
18135
18137
18138
18141
18142
18144
18146
18148
18149
18150
18151
18152
18153
18155
18157
18159
18160
18164
18165
18166
18167
18169
18172
18174
18182
18183
18184
18185
18186
18187
18189
18190
18193
18197
18201
18202
18205
18209
18210
18211
18212
18214
18215
18217
18218
18220
18222
18226
18227
18229
18231
18235
18236
18239
18243
18244
18245
18249
18253
18256
18257
18262
18263
18264
18266
18267
18269
18271
18272
18273
18274
18276
18278
18279
18280
18281
18283
18284
18285
18290
18291
18292
18294
18295
18296
18298
18299
18300
18305
18306
18308
18309
18310
18315
18316
18317
18319
18322
18329
18330
18331
18332
18333
18334
18335
18336
18338
18341
18344
18345
18346
18347
18349
18353
18355
18356
18357
18359
18361
18362
18363
18364
18369
18370
18374
18375
18376
18377
18379
18380
18382
18383
18384
18386
18389
18390
18391
18393
18394
18395
18396
18401
18403
18404
18405
18407
18409
18412
18413
18414
18417
18418
18420
18422
18423
18426
18428
18430
18431
18434
18435
18436
18442
18443
18444
18449
18450
18456
18458
18461
18462
18463
18464
18465
18467
18468
18469
18472
18476
18479
18480
18481
18489
18492
18493
18495
18498
18500
18503
18505
18510
18514
18516
18517
18518
18525
18528
18532
18533
18534
18535
18538
18540
18543
18545
18550
18551
18552
18553
18554
18559
18563
18564
18565
18567
18573
18586
18589
18592
18593
18596
18597
18599
18603
18604
18612
18613
18615
18616
18619
18620
18622
18623
18624
18627
18630
18632
18633
18636
18637
18642
18644
18645
18647
18648
18651
18654
18656
18658
18661
18662
18663
18664
18665
18668
18672
18673
18675
18677
18679
18680
18684
18685
18689
18691
18692
18695
18698
18699
18700
18701
18702
18704
18706
18708
18709
18711
18713
18714
18718
18720
18723
18725
18728
18730
18731
18732
18733
18735
18738
18741
18742
18743
18747
18748
18749
18750
18756
18759
18760
18761
18764
18765
18766
18768
18770
18774
18776
18778
18781
18782
18784
18785
18790
18794
18803
18804
18805
18807
18810
18815
18816
18817
18818
18819
18820
18821
18822
18823
18824
18825
18828
18832
18836
18839
18840
18841
18844
18845
18848
18849
18851
18853
18858
18860
18866
18868